3,2
3,1
3,3
10,267
10,231
10,89
10,27
10,225
10,241
10,91
11,25
11,15
9,5
9,2
9,3
8,9
8,12
8,4
8,10
8,2
8,3
2,2
2,1
2,3
64,3
64,2
64,1
64,0
63,5
63,4
63,3
63,2
63,1
63,0
61,3
61,2
61,1
61,0
60,3
60,2
60,1
60,0
59,3
59,2
59,1
59,0
58,4
58,3
58,2
58,1
58,0
57,3
57,2
57,1
57,0
56,4
56,3
56,2
56,1
56,0
55,4
55,3
55,2
55,1
55,0
53,4
53,3
53,2
53,1
53,0
51,4
51,3
51,2
51,1
20,3
20,2
20,1
19,3
19,2
19,1
18,3
18,1
14,3
14,1
13,3
13,1
12,3
12,2
12,1
11,29
11,27
11,26
11,24
11,23
11,22
11,21
11,20
11,19
11,17
11,16
11,14
11,13
11,12
11,11
11,10
11,9
11,8
11,7
11,6
11,4
